1 1 0 0 0 2.22 -1
2 1 0 -2.21 0 2.22 1
3 1 0 2.21 0 2.22 1
4 7 1.61 -1.37 0 0.045 1
5 7 2.94 -2.5 0 0.045 4
6 7 3.23 -2.75 0 0.045 5
7 7 3.51 -3.11 0 0.045 6
8 7 3.63 -3.4 0 0.045 7
9 7 0.75 1.9 0 0.045 1
10 7 0.64 2.05 0 0.045 9
11 7 0.54 3.27 0 0.045 10
12 7 0.64 3.61 0 0.045 11
13 7 1.13 4.22 0 0.045 12
14 7 1.27 4.33 0 0.045 13
15 7 1.65 4.61 0 0.045 14
16 7 1.73 4.67 0 0.045 15
17 7 2.01 4.78 0 0.045 16
18 7 2.43 4.85 0 0.045 17
19 7 2.83 4.8 0 0.045 18
20 7 4.26 5.89 0 0.045 19
21 7 4.67 5.97 0 0.045 20
22 7 4.98 6.8 0 0.045 21
23 7 5.08 7.13 0 0.045 22
24 7 5.2 7.94 0 0.045 23
25 7 5.19 8.4 0 0.045 24
26 7 5.15 9.55 0 0.045 25
27 7 5.18 9.83 0 0.045 26
28 7 5.22 10.08 0 0.045 27
29 7 5.55 10.58 0 0.045 28
30 7 6.02 11.06 0 0.045 29
31 7 6.4 11.35 0 0.045 30
32 7 1.68 -0.24 0 0.045 1
33 7 2.88 0.06 0 0.045 32
34 7 3.08 0.1 0 0.045 33
35 7 3.25 0.35 0 0.045 34
36 7 3.6 1.45 0 0.045 35
37 7 3.81 2.1 0 0.045 36
38 7 3.02 2.67 0 0.045 37
39 7 2.53 2.54 0 0.045 38
40 7 2.4 2.56 0 0.045 39
41 7 1.87 2.76 0 0.045 40
42 7 1.46 3.29 0 0.045 41
43 7 1.36 3.43 0 0.045 42
44 7 1.24 3.58 0 0.045 43
45 7 0.71 4.12 0 0.045 44
46 7 0.52 4.09 0 0.045 45
47 7 -0.34 4.15 0 0.045 46
48 7 3.37 -0.16 0 0.045 34
49 7 3.4 0.47 0 0.045 48
50 7 3.65 0.77 0 0.045 49
51 7 3.94 0.99 0 0.045 50
52 7 4.39 1.34 0 0.045 51
53 7 4.62 1.52 0 0.045 52
54 7 5.96 3.51 0 0.045 53
55 7 6.23 3.46 0 0.045 54
56 7 6.78 3.52 0 0.045 55
57 7 7.22 3.74 0 0.045 56
58 7 8.22 4.16 0 0.045 57
59 7 8.52 4.39 0 0.045 58
60 7 8.94 4.6 0 0.045 59
61 7 9.07 4.58 0 0.045 60
62 7 10.22 4.49 0 0.045 61
63 7 10.55 4.39 0 0.045 62
64 7 10.95 4.33 0 0.045 63
65 7 11.23 4.44 0 0.045 64
66 7 11.76 4.84 0 0.045 65
67 7 12.1 4.99 0 0.045 66
68 7 12.75 5.25 0 0.045 67
69 7 13.02 5.34 0 0.045 68
70 7 13.77 5.78 0 0.045 69
71 7 14.05 5.87 0 0.045 70
72 7 14.26 6.53 0 0.045 71
73 7 14.53 6.96 0 0.045 72
74 7 14.76 7.14 0 0.045 73
75 7 15.39 7.39 0 0.045 74
76 7 15.54 7.38 0 0.045 75
77 7 3.51 -0.27 0 0.045 48
78 7 3.68 -0.03 0 0.045 77
79 7 5.29 -0.56 0 0.045 78
80 7 5.36 -0.99 0 0.045 79
81 7 5.37 -2.08 0 0.045 80
82 7 5.25 -2.39 0 0.045 81
83 7 5.35 -2.68 0 0.045 82
84 7 5.1 -3.92 0 0.045 83
85 7 4.98 -4.25 0 0.045 84
86 7 4.76 -5.04 0 0.045 85
87 7 4.66 -5.22 0 0.045 86
88 7 4.59 -5.75 0 0.045 87
89 7 4.81 -6.19 0 0.045 88
90 7 5.66 -7.45 0 0.045 89
91 7 6.51 -8.57 0 0.045 90
92 7 6.99 -9.53 0 0.045 91
93 7 7.36 -10.3 0 0.045 92
94 7 7.49 -10.93 0 0.045 93
95 7 7.48 -11.55 0 0.045 94
96 7 7.31 -12.4 0 0.045 95
97 7 7.03 -13.31 0 0.045 96
98 7 6.88 -14.51 0 0.045 97
99 7 6.91 -14.85 0 0.045 98
100 7 6.94 -15.19 0 0.045 99
101 7 7.32 -17.28 0 0.045 100
102 7 7.47 -18.71 0 0.045 101
103 7 7.3 -19.43 0 0.045 102
104 7 6.94 -20.19 0 0.045 103
105 7 5.53 -23.17 0 0.045 104
106 7 5.83 -23.43 0 0.045 105
107 7 6.3 -23.55 0 0.045 106
108 7 6.57 -23.45 0 0.045 107
109 7 6.83 -23.49 0 0.045 108
110 7 8 -23.43 0 0.045 109