 1 1 0 0 0 3.777 -1
 2 1 3.01 2.25 0 3.777 1
 3 1 -3.01 -2.25 0 3.777 1
 4 7 2.6 3.46 -2.5 0.42 1
 5 7 3.17 3.24 -2.5 0.42 4
 6 7 3.72 3.25 -2.96 0.42 5
 7 7 4.36 4.63 -5.65 0.32 6
 8 7 4.38 4.96 -5.65 0.32 7
 9 7 7.26 5.5 -5.46 0.16 8
 10 7 7.96 5.61 -5.46 0.16 9
 11 7 8.89 6.09 -5.46 0.16 10
 12 7 9.63 6.63 -5.46 0.16 11
 13 7 10.42 6.75 -5.46 0.16 12
 14 7 11.3 6.78 -5.46 0.16 13
 15 7 11.98 6.8 -5.46 0.16 14
 16 7 5.09 6.55 -5.65 0.225 8
 17 7 6.48 7.07 -5.65 0.16 16
 18 7 7.03 7.17 -5.65 0.16 17
 19 7 7.59 7.19 -5.65 0.16 18
 20 7 8.15 6.98 -5.65 0.16 19
 21 7 8.64 7.09 -5.65 0.16 20
 22 7 8.89 7.38 -5.65 0.16 21
 23 7 0.31 4.48 0.23 0.355 1
 24 7 0.23 5.21 0.23 0.355 23
 25 7 0.07 5.42 0.23 0.355 24
 26 7 -0.11 6.55 0.23 0.355 25
 27 7 -0.47 7.9 2.08 0.29 26
 28 7 -2.24 9.06 2.08 0.16 27
 29 7 -2.71 9.05 2.08 0.16 28
 30 7 0 8.84 0.99 0.16 27
 31 7 -0.25 10.15 0.99 0.16 30
 32 7 0.07 10.81 0.99 0.16 31
 33 7 0.61 11.36 0.99 0.16 32
 34 7 2.74 0.81 0.4 0.355 1
 35 7 3.04 0.81 0.4 0.355 34
 36 7 3.4 1 -0.63 0.355 35
 37 7 3.92 1.05 -0.88 0.355 36
 38 7 4.34 1.14 -0.88 0.355 37
 39 7 5.03 1.83 4.15 0.225 38
 40 7 5.44 2.22 4.44 0.225 39
 41 7 6.03 2.65 6.94 0.225 40
 42 7 6.71 3 7.15 0.225 41
 43 7 7.11 3.23 7.15 0.225 42
 44 7 7.53 3.4 2.83 0.225 43
 45 7 8.21 3.5 2.7 0.225 44
 46 7 8.78 3.68 1.99 0.225 45
 47 7 9.67 4.09 1.99 0.225 46
 48 7 10.23 4.44 1.99 0.225 47
 49 7 11.22 4.92 1.99 0.195 48
 50 7 10.97 5.78 1.99 0.195 49
 51 7 10.94 6.26 1.99 0.195 50
 52 7 11.09 7.26 1.99 0.195 51
 53 7 11.03 7.53 1.99 0.195 52
 54 7 10.63 8.19 1.99 0.195 53
 55 7 9.97 8.18 1.99 0.195 54
 56 7 8.84 8.31 1.99 0.195 55
 57 7 8.38 8.28 1.99 0.195 56
 58 7 1.12 -2.46 1.2 0.32 1
 59 7 1.87 -2.52 1.2 0.32 58
 60 7 2.58 -2.5 1.2 0.32 59
 61 7 3.25 -2.31 1.2 0.32 60
 62 7 4.63 -2 5.4 0.225 61
 63 7 5.05 -2.17 5.4 0.225 62
 64 7 6.75 -3.78 5.4 0.195 63
 65 7 7.5 -4.13 5.4 0.195 64
 66 7 8.28 -4.42 5.4 0.195 65
 67 7 8.92 -4.51 5.4 0.195 66
 68 7 9.52 -4.69 5.4 0.195 67
 69 7 10.27 -4.53 5.4 0.195 68
 70 7 11.38 -4.03 4.53 0.195 69
 71 7 12.68 -3.75 4.15 0.195 70
 72 7 13.52 -3.36 4.15 0.195 71
 73 7 14.39 -2.72 4.15 0.195 72
 74 7 15.38 -2.29 4.15 0.195 73
 75 7 16.62 -2.26 4.15 0.195 74
 76 7 16.79 -2.27 4.15 0.195 75
 77 7 6 -1.28 5.4 0.195 63
 78 7 7.03 -0.93 5.4 0.195 77
 79 7 4.11 -3.91 1.2 0.32 61
 80 7 4.11 -4.42 1.2 0.32 79
 81 7 4.44 -4.96 0.2 0.32 80
 82 7 4.36 -5.19 3.24 0.32 81
 83 7 4.94 -5.53 4.65 0.255 82
 84 7 5.38 -6.03 7.94 0.255 83
 85 7 6.09 -6.76 7.94 0.255 84
 86 7 6.48 -7.05 4.98 0.255 85
 87 7 6.92 -7.42 -1.96 0.255 86
 88 7 7.46 -7.92 -2.03 0.255 87
 89 7 8.42 -8.25 -2.03 0.255 88
 90 7 9.48 -8.57 -3.9 0.255 89
 91 7 9.88 -8.77 -4.76 0.255 90
 92 7 10.27 -8.56 -4.76 0.255 91
 93 7 10.55 -8.4 -6.01 0.255 92
 94 7 12.18 -8.01 -8.51 0.195 93
 95 7 12.51 -7.92 -8.85 0.195 94
 96 7 12.67 -7.8 -9.01 0.195 95
 97 7 13.35 -5.59 -9.01 0.13 96
 98 7 13.47 -4.36 -9.01 0.13 97
 99 7 13.39 -3.72 -9.01 0.13 98
 100 7 13.71 -3.17 -9.01 0.13 99
 101 7 13.6 -2.19 -9.01 0.13 100
 102 7 13.26 -1.72 -9.01 0.13 101
 103 7 12.8 -1.42 -9.01 0.13 102
 104 7 14.94 -7.94 -9.01 0.13 96
 105 7 16.05 -7.82 -9.01 0.13 104
 106 7 16.86 -7.71 -9.01 0.13 105
 107 7 17.7 -7.86 -9.01 0.13 106
 108 7 18.21 -8.86 -9.01 0.13 107
 109 7 3.2 -5.23 3.24 0.16 82
 110 7 2.14 -4.92 3.24 0.16 109
 111 7 1.25 -5.01 3.24 0.16 110
 112 7 0.37 -5.19 3.24 0.16 111
 113 7 -0.95 -6.21 3.24 0.16 112
 114 7 -2.15 -7.01 3.24 0.16 113
 115 7 -3.59 -7.63 3.24 0.16 114
 116 7 -1.13 3.3 2.52 0.355 1
 117 7 -1.36 3.6 2.52 0.355 116
 118 7 -1.54 3.86 2.52 0.355 117
 119 7 -2.53 4.75 1.27 0.32 118
 120 7 -3.2 5.21 3.74 0.32 119
 121 7 -3.38 5.23 4.73 0.32 120
 122 7 -3.46 5.34 4.73 0.32 121
 123 7 -4.13 5.17 8.18 0.32 122
 124 7 -4.59 5.03 8.18 0.32 123
 125 7 -5.69 5.34 8.18 0.195 124
 126 7 -6.15 5 8.18 0.195 125
 127 7 -6.55 5.09 8.18 0.195 126
 128 7 -7 5.59 8.18 0.195 127
 129 7 -7.13 6.51 8.18 0.195 128
 130 7 -6.63 7.21 8.18 0.195 129
 131 7 -6.05 7.65 8.18 0.195 130
 132 7 -6.15 4.8 8.18 0.225 124
 133 7 -7.53 4.46 8.18 0.225 132
 134 7 -8.01 4.32 8.18 0.225 133
 135 7 -9.06 3.95 7.94 0.16 134
 136 7 -9.9 3.31 7.94 0.13 135
 137 7 -10.76 2.76 7.94 0.13 136
 138 7 -11.61 2.19 7.94 0.13 137
 139 7 -12.59 1.46 7.94 0.13 138
 140 7 -12.77 1.38 7.94 0.13 139
 141 7 -14.18 2.27 7.94 0.16 140
 142 7 -15.39 2.81 7.94 0.16 141
 143 7 -16.38 3.2 7.94 0.16 142
 144 7 -17.29 3.24 7.94 0.16 143
 145 7 -14.81 -1.15 7.94 0.13 140
 146 7 -15.78 -1.97 7.94 0.13 145
 147 7 -16.2 -2.28 7.94 0.13 146
 148 7 -6.59 4.73 8.18 0.225 132
 149 7 -5.01 3.76 8.18 0.195 148
 150 7 -5.3 3.22 8.18 0.195 149
 151 7 -5.17 2.27 8.18 0.195 150
 152 7 -4.9 1.91 8.18 0.195 151
 153 7 -7.03 4.65 8.18 0.225 148
 154 7 -1.89 -4.01 2.52 0.42 1
 155 7 -2.28 -4.55 2.52 0.42 154
 156 7 -2.6 -4.86 2.52 0.42 155
 157 7 -3.2 -5.38 2.52 0.42 156
 158 7 -3.93 -6.11 2.52 0.32 157
 159 7 -4.84 -6.61 2.52 0.32 158
 160 7 -6.32 -7.4 2.52 0.195 159
 161 7 -6.67 -7.92 2.52 0.195 160
 162 7 -8.14 -8.94 2.52 0.16 161
 163 7 -9.42 -9.09 2.52 0.16 162
 164 7 -10.81 -9.5 2.52 0.16 163
 165 7 -11.97 -10.05 2.52 0.16 164
 166 7 -13.11 -10.57 2.52 0.16 165
 167 7 -15.19 -10.68 2.52 0.16 166
 168 7 -16.25 -10.68 2.52 0.16 167
 169 7 -17.5 -10.4 2.52 0.16 168
 170 7 -6.78 -9.36 2.52 0.16 161
 171 7 -6.36 -10.89 2.52 0.16 170
 172 7 -6 -12.02 2.52 0.16 171
 173 7 -5.34 -13.11 2.52 0.16 172
 174 7 -3.34 -7.51 2.52 0.13 159
 175 7 -2.33 -8.11 2.52 0.13 174
 176 7 -1.52 -8.56 2.52 0.13 175
 177 7 -0.6 -9.17 2.52 0.13 176
 178 7 -0.09 -9.75 3.33 0.13 177
 179 7 0.05 -10.27 3.99 0.13 178
 180 7 0.58 -10.98 4.53 0.13 179
 181 7 1.13 -11.71 4.53 0.13 180
 182 7 1.44 -12.52 4.53 0.13 181
 183 7 1.79 -13.85 4.53 0.13 182
 184 7 2.23 -14.65 4.53 0.13 183
 185 7 2.98 -15.64 4.53 0.13 184
 186 7 3.93 -17.35 4.53 0.13 185
 187 7 4.71 -18.28 4.53 0.13 186
 188 7 4.88 -18.29 4.53 0.13 187
 189 7 -2.49 1.15 -4.71 0.225 1
 190 7 -2.86 1.12 -4.71 0.225 189
 191 7 -3.41 1.11 -4.71 0.225 190
 192 7 -3.74 1.11 -4.71 0.225 191
 193 7 -4.3 1.01 -4.71 0.225 192
 194 7 -4.63 1 -4.71 0.225 193
 195 7 -6.09 1.75 -4.46 0.16 194
 196 7 -6.78 1.96 -4.46 0.16 195
 197 7 -7.57 2.25 -4.46 0.16 196
 198 7 -8.39 2.59 -4.46 0.16 197
 199 7 -8.93 3 -4.46 0.16 198
 200 7 -10.02 3.05 -4.46 0.16 199
 201 7 -10.6 3.11 -4.46 0.16 200
 202 7 -6.32 0.05 -4.71 0.225 194
 203 7 -8.22 -0.81 -6.21 0.16 202
 204 7 -9.11 -1.24 -6.21 0.16 203
 205 7 -9.72 -1.7 -6.21 0.16 204
 206 7 -10.3 -2.35 -6.21 0.16 205
 207 7 -10.39 -2.75 -6.21 0.16 206
 208 7 -11.05 -3.48 -6.21 0.16 207
 209 7 -11.84 -4.15 -6.21 0.16 208
 210 7 -12.52 -4.82 -6.21 0.16 209
 211 7 -13.1 -5.34 -6.21 0.16 210
 212 7 -13.52 -6.4 -6.21 0.16 211
 213 7 -13.76 -7.67 -6.21 0.16 212